(10000,1,5029,5035,5036,5042,5053)
(10001,1,5030,5041,5052)
(10002,1,5016,5027,5038,5049)
(10003,1,5052,5046,5040,5029,5018,5012,5011)
(10004,1,5030,5019,5008,5002,5001)
(10005,1,5028,5017,5006)
(10006,1,5029,5018,5012,5006)
(10007,1,5031,5020,5009,5003,5002,5001)
(10008,1,5049,5038,5027,5016,5005)
(10009,1,5043,5032,5026,5025,5024,5023,5017)
(10010,1,5051,5040,5029,5018,5007,5001)
(10011,1,5029,5040,5051)
(10012,1,5029,5018,5007,5001)
(10013,1,5053,5042,5031,5026,5021)
(10014,1,5025,5026,5032,5043,5054)
(10015,1,5000,5001,5007,5018,5024,5030,5041)
(10016,1,5035,5029,5023,5017,5006,5000)
(10017,1,5018,5029,5040,5051,5056)
(10018,1,5027,5038,5049)
(10019,1,5024,5030,5041,5052,5058)
(10020,1,5040,5029,5024,5019,5014,5009)
(10021,1,5021,5026,5031,5042,5053)
(10022,1,5008,5019,5030,5036,5037,5043)
(10023,1,5034,5028,5017,5006)
(10024,1,5038,5027,5022,5023,5024,5019,5014,5009)
(10025,1,5053,5042,5036,5030)
(10026,1,5039,5033,5027,5016)
(10027,1,5032,5043,5054)
(10028,1,5003,5009,5020,5031,5042,5053)
(10029,1,5032,5043,5054)
(10030,1,5039,5028,5017,5006)
(10031,1,5050,5045,5040,5029,5018,5013,5008,5003)
(10032,1,5017,5023,5029,5040,5051,5057)
(10033,1,5057,5052,5041,5030,5025,5020,5009,5004)
(10034,1,5006,5012,5018,5024,5025,5031)
(10035,1,5005,5016,5027)
(10036,1,5011,5017,5028,5039,5050)
(10037,1,5027,5016,5005)
(10038,1,5059,5054,5043,5032,5021,5010)
(10039,1,5020,5031,5042,5053,5059)
(10040,1,5055,5050,5045,5046,5041,5030,5019,5014,5009,5004)
(10041,1,5030,5041,5052)
(10042,1,5049,5038,5027,5016,5011,5012)
(10043,1,5040,5029,5018)
(10044,1,5036,5035,5029,5018,5007,5001)
(10045,1,5001,5002,5008,5019,5030,5041,5047)
(10046,1,5030,5024,5023,5017,5006,5000)
(10047,1,5030,5041,5052)
(10048,1,5005,5016,5027,5038,5049)
(10049,1,5008,5019,5030,5036)
(10050,1,5029,5040,5046,5052)
(10051,1,5013,5019,5025,5026,5032,5043)
(10052,1,5028,5039,5050)
(10053,1,5013,5014,5015,5021,5032,5043)
(10054,1,5017,5023,5029,5040,5051,5057,5058)
(10055,1,5006,5012,5018,5029,5035)
(10056,1,5025,5031,5042,5053)
(10057,1,5055,5050,5039,5034,5035,5030,5019)
(10058,1,5032,5021,5010,5004,5003)
(10059,1,5003,5009,5020,5031,5042)
(10060,1,5028,5034,5035,5041,5047,5053,5059)
(10061,1,5015,5020,5025,5030,5041,5052)
(10062,1,5008,5019,5030)
(10063,1,5027,5033,5039,5050,5056)
(10064,1,5031,5020,5014,5013,5012,5011,5005)
(10065,1,5007,5018,5029,5034,5033,5038,5049)
(10066,1,5058,5052,5041,5030,5024,5023,5022,5016)
(10067,1,5032,5043,5054)
(10068,1,5004,5009,5020,5031,5036,5041,5046,5051)
(10069,1,5018,5023,5028,5039,5050)
(10070,1,5025,5026,5032,5043,5054)
(10071,1,5058,5052,5041,5030)
(10072,1,5052,5046,5040,5029,5018,5007,5001)
(10073,1,5031,5020,5009,5003,5002,5001)
(10074,1,5056,5050,5039,5028)
(10075,1,5031,5042,5053,5059)
(10076,1,5051,5040,5029,5018,5012,5006)
(10077,1,5007,5018,5029,5040)
(10078,1,5001,5006,5017,5028,5039,5050)
(10079,1,5029,5040,5051,5057)
(10080,1,5032,5021,5015,5014,5008,5002,5001)
(10081,1,5013,5019,5030,5041)
(10082,1,5045,5044,5038,5027,5016,5005)
(10083,1,5054,5043,5032,5021,5010)
(10084,1,5014,5020,5031,5042,5048)
(10085,1,5058,5059,5054,5043,5032,5021)
(10086,1,5038,5027,5016,5005,5000,5001)
(10087,1,5034,5033,5027,5016,5005)
(10088,1,5032,5043,5054)
(10089,1,5030,5019,5013,5007)
(10090,1,5003,5009,5020,5031)
(10091,1,5053,5042,5031,5020,5009)
(10092,1,5045,5039,5028,5017,5011)
(10093,1,5027,5016,5005)
(10094,1,5030,5019,5008)
(10095,1,5032,5021,5010)
(10096,1,5057,5051,5045,5039,5028)
(10097,1,5028,5039,5045,5046,5052,5058)
(10098,1,5021,5032,5043)
(10099,1,5054,5043,5032,5021)
(10100,1,5028,5039,5050)
(10101,1,5011,5016,5027,5038,5049)
(10102,1,5028,5017,5006)
(10103,1,5005,5011,5012,5018,5029,5035,5036,5042,5048,5054)
(10104,1,5018,5029,5040,5051)
(10105,1,5030,5036,5037,5043,5054)
(10106,1,5044,5038,5027,5016)
(10107,1,5009,5020,5025,5030,5041,5052,5057)
(10108,1,5038,5027,5016)
(10109,1,5028,5039,5050)
(10110,1,5020,5031,5042,5048)
(10111,1,5050,5045,5040,5035,5030,5019)
(10112,1,5031,5042,5048,5054)
(10113,1,5044,5039,5028,5023,5024,5019,5008,5003)
(10114,1,5016,5027,5033,5034,5035,5036,5037,5043)
(10115,1,5006,5017,5028,5039)
(10116,1,5041,5035,5029,5018,5007,5001)
(10117,1,5023,5029,5040,5051)
(10118,1,5016,5022,5028,5039)
(10119,1,5039,5033,5027,5016,5005)
(10120,1,5028,5017,5006)
(10121,1,5051,5040,5034,5028,5017,5011)
(10122,1,5017,5028,5033,5038,5049)
(10123,1,5053,5042,5031,5020)
(10124,1,5047,5042,5031,5020,5009)
(10125,1,5014,5020,5031,5042,5053)
(10126,1,5009,5020,5031,5042,5053)
(10127,1,5028,5017,5006)
